<?xml version="1.0" encoding="UTF-8" standalone="no"?>
<!-- Created with Inkscape (http://www.inkscape.org/) -->

<svg
   width="132.9037mm"
   height="126.16921mm"
   viewBox="0 0 132.9037 126.1692"
   version="1.1"
   id="svg5"
   inkscape:export-filename="bitmap.png"
   inkscape:export-xdpi="96"
   inkscape:export-ydpi="96"
   inkscape:version="1.2.2 (732a01da63, 2022-12-09, custom)"
   sodipodi:docname="foo"
   xmlns:inkscape="http://www.inkscape.org/namespaces/inkscape"
   xmlns:sodipodi="http://sodipodi.sourceforge.net/DTD/sodipodi-0.dtd"
   xmlns="http://www.w3.org/2000/svg"
   xmlns:svg="http://www.w3.org/2000/svg">
  <sodipodi:namedview
     id="namedview7"
     pagecolor="#ffffff"
     bordercolor="#000000"
     borderopacity="0.25"
     inkscape:showpageshadow="2"
     inkscape:pageopacity="0.0"
     inkscape:pagecheckerboard="0"
     inkscape:deskcolor="#d1d1d1"
     inkscape:document-units="mm"
     showgrid="false"
     inkscape:zoom="0.70199214"
     inkscape:cx="-420.23262"
     inkscape:cy="-96.867181"
     inkscape:window-width="1850"
     inkscape:window-height="1011"
     inkscape:window-x="0"
     inkscape:window-y="0"
     inkscape:window-maximized="1"
     inkscape:current-layer="layer1"></sodipodi:namedview>
  <defs
     id="defs2" />
  <g
     inkscape:label="Layer 1"
     inkscape:groupmode="layer"
     id="layer1"
     transform="translate(-185.79122,-83.468005)">
    <g
       transform="matrix(0.3597275,0,0,0.35036125,-146.23947,-119.94679)"
       id="g13">
      <path
         fill="#2a1c00"
         class="st0"
         d="m 698.9,570.3 c -108,0 -195.9,87.9 -195.9,195.9 0,108 87.9,195.9 195.9,195.9 108,0 195.8,-87.9 195.8,-195.9 0,-108 -87.9,-195.9 -195.8,-195.9 z m 0,369.1 c -95.5,0 -173.2,-77.7 -173.2,-173.2 0,-95.5 77.6,-173.2 173.2,-173.2 95.6,0 173.2,77.7 173.2,173.2 0,95.5 -77.7,173.2 -173.2,173.2 z"
         id="path9" />
      <path
         fill="#2a1c00"
         class="st0"
         d="m 775.3,674.7 -115.6,41.8 c -3.1,1.1 -5.6,3.6 -6.7,6.7 L 608,843 c -1.6,4.2 -0.5,8.9 2.7,12.1 2.1,2.1 5,3.2 7.9,3.2 1.4,0 2.8,-0.3 4.2,-0.8 l 126.3,-50.3 c 3.2,-1.2 5.6,-3.9 6.6,-7.2 l 34.2,-111.3 c 1.2,-4.1 0.1,-8.5 -3,-11.5 -3.1,-3 -7.6,-3.9 -11.6,-2.5 z m -39.7,113.5 -97.5,38.9 34.2,-91 89.4,-32.3 z"
         id="path11" />
    </g>
    <path
       class="st0"
       fill="#aa1300"
       d="m 4.669836,-79.582656 c -9.16464,0.04656 -16.59493,7.566818 -16.54889,16.794957 0.0238,5.2451 2.48332,10.16106 6.63072,13.32256 -3.99521,2.0306 -6.50081,6.15871 -6.5106,10.67065 l 0.25486,47.8922299 -7.11623,0.0461 c -6.56379,0.0583 -11.83746,5.4350701 -11.82661,12.0369601 l 0.10593,19.16218 c 0.0579,6.60929 5.3975,11.91974 11.95414,11.90889 l 7.11624,-0.0461 0.0243,2.38181 c 0.0166,5.29246 4.30847,9.56812 9.54458,9.5242 l 78.499223,-0.37642 c 5.25595,-0.0167 9.50224,-4.33837 9.45859,-9.61072 l -0.0243,-2.38181 7.11624,-0.0461 c 6.56378,-0.0583 11.837451,-5.43507 11.826611,-12.03695 L 105.0687,20.497601 C 105.0108,13.888311 99.671199,8.5778509 93.114559,8.5887009 l -7.11623,0.0461 -0.25486,-47.8922199 c -0.0224,-3.98304 -1.9952,-7.65943 -5.27579,-9.86261 7.68297,-5.05487 9.838,-15.44902 4.77096,-23.192584 -3.08769,-4.745567 -8.36321,-7.619471 -14.01048,-7.566025 z m -15.94194,127.031747 -7.11623,0.0461 c -3.95552,0.0226 -7.15936,-3.16363 -7.18185,-7.14667 l -0.10593,-19.16218 c -0.0224,-3.98304 3.14192,-7.2091 7.09744,-7.23185 l 7.11624,-0.0461 z M 93.190689,13.331071 c 3.95552,-0.0226 7.159361,3.16362 7.181851,7.14666 l 0.043,9.56734 -9.501451,0.0433 -0.043,-9.56734 c -0.0155,-2.59884 -0.8876,-5.11095 -2.47828,-7.1755 z m -2.24078,26.37235 -0.0215,-4.78367 9.501461,-0.0433 0.0215,4.78367 c 0.0224,3.98303 -3.141931,7.2091 -7.097451,7.23185 l -4.82494,0.0345 c 1.56985,-2.08811 2.41652,-4.65137 2.42097,-7.22286 z m -69.593353,-114.585754 14.54202,-0.0689 c -6.52409,6.47065 -6.6122,17.061384 -0.18625,23.630724 0.10696,0.0893 0.20673,0.22592 0.31369,0.31518 l -14.54202,0.0689 c -6.58363,0.031 -11.92345,-5.2795 -11.95414,-11.90864 -0.0579,-6.609284 5.26309,-11.978738 11.82661,-12.036947 z m 12.16316,52.636204 0.0458,7.16545 -19.03015,0.10667 -0.0458,-7.16545 -4.75086,0.0216 0.0458,7.16544 -4.75086,0.0216 c -1.3276,0.0142 -2.39554,-1.04785 -2.40967,-2.38463 l -0.13025,-21.54396 c -0.0224,-3.98304 3.14192,-7.20911 7.09745,-7.23186 l 38.126453,-0.17877 c -1.5427,2.06804 -2.40932,4.60402 -2.39381,7.20276 l 0.13025,21.54396 c 0.0142,1.33681 -1.04063,2.41215 -2.36823,2.42639 l -4.750863,0.0216 -0.0458,-7.16545 z m -40.63471,-40.48918 c -0.0108,-6.601887 5.26309,-11.978749 11.82661,-12.036958 l 5.01332,-0.0055 c -6.52409,6.47065 -6.6122,17.061388 -0.18624,23.630728 0.10695,0.0893 0.20672,0.22592 0.31369,0.31518 l -5.01333,0.006 c -6.58363,0.031 -11.92345,-5.2795 -11.95414,-11.90864 z m 66.188163,121.77712 -60.756263,0.33864 c -2.62803,0.008 -4.76383,-2.11579 -4.77229,-4.76197 l -0.51256,-93.38204 c -0.0224,-3.98304 3.14193,-7.2091 7.09745002,-7.23186 l 0.0471,0.007 c -1.54270002,2.06804 -2.40932002,4.60402 -2.39382002,7.20275 l 0.13026,21.54397 c 0.0224,3.98303 3.22633,7.16941 7.18185,7.14666 l 4.75086,-0.0216 0.043,9.56733988 4.75086,-0.0216 -0.043,-9.56732988 19.03015,-0.10667 0.043,9.56732988 4.75086,-0.0216 -0.043,-9.56732988 4.750863,-0.0217 c 3.95552,-0.0226 7.11994,-3.24855 7.09745,-7.23185 l -0.13026,-21.54397 c -0.0224,-3.98303 3.14193,-7.2091 7.09745,-7.23185 l 2.45959,-0.01 c -1.5427,2.06801 -2.40932,4.60401 -2.39381,7.20275 l 0.51255,93.38204 c -0.009,1.6487 0.44008,3.29512 1.30199,4.76224 z m 0.44366,-110.1725 -11.89408,0.0879 c -6.58363,0.031 -11.923453,-5.2795 -11.954143,-11.90863 -0.0307,-6.629402 5.242983,-12.006 11.826613,-12.036956 l 12.15654,-0.07174 c -6.52409,6.47065 -6.6122,17.061386 -0.18624,23.630726 0.10695,0.0892 0.20672,0.22592 0.31369,0.31517 z m 26.57475,71.6915 0.10593,19.16218 c 0.0224,3.98304 -3.14192,7.20911 -7.09744,7.23186 l -7.11624,0.0461 -0.19037,-33.54123 7.11623,-0.0461 c 3.95552,-0.0226 7.15936,3.16362 7.18185,7.14666 z m -5.09297,-59.8461 0.26599,48.1356399 c -0.77354,-0.14322 -1.58142,-0.21893 -2.37654,-0.21988 l -9.50145,0.0433 c -1.3276,0.0142 -2.38237,1.08958 -2.36824,2.4263901 l 0.21187,38.32489 c 0.0141,1.33681 1.08207,2.39887 2.40967,2.38464 l 9.48161,-0.0706 c 0.79512,10e-4 1.60462,-0.093 2.37421,-0.24152 l 0.008,2.64636 c 0.008,2.64636 -2.10121,4.7969 -4.72916,4.80536 l -9.50145,0.0433 c -2.62803,0.008 -4.76382,-2.11579 -4.77229,-4.76197 l -0.5325,-93.4085 c -0.0224,-3.98303 3.14193,-7.2091 7.09745,-7.23185 l 4.75086,-0.0216 c 3.95552,-0.0226 7.15936,3.16363 7.18185,7.14666 z m 2.23795,-23.97046 c 0.0308,6.6294 -5.24298,12.006 -11.82661,12.03696 -6.58362,0.031 -11.92344,-5.2795 -11.95414,-11.9089 -0.0308,-6.629401 5.24299,-12.005999 11.82661,-12.036955 6.55664,-0.01086 11.91631,5.326856 11.95414,11.908635 z"
       stroke-width="1.2777"
       id="path128"></path>
    <path
       fill="#001abf"
       d="m -140.22849,195.7182 c 2.62094,5.8338 7.94862,9.00907 14.99288,8.96858 l 27.881796,-0.18053 8.36638,-0.0567 81.0656866,-0.5419 c 7.04426999,-0.0404 12.3452,-3.30914 14.88917,-9.14241 2.53666,-5.87692 1.88132,-13.27653 -1.88063,-20.86028 L -18.091237,127.03932 c -0.0726,-0.16835 -0.17065,-0.35502 -0.26871,-0.54169 l -20.83224,-42.158701 c -3.729297,-7.52131 -8.807707,-11.63982 -14.322417,-11.5824 -5.54011,0.0391 -10.5582,4.20793 -14.18643,11.7766 l -21.43734,44.838941 c -0.0658,0.14619 -0.13878,0.24848 -0.20457,0.39468 l -4.29339,8.98657 c -3.68247,-7.10062 -8.637586,-11.01434 -14.020796,-10.97862 -5.54011,0.0391 -10.5582,4.20793 -14.18643,11.7766 l -16.78622,35.29542 c -3.66475,7.61974 -4.21878,15.03945 -1.5978,20.87324 z m 114.657183,-68.13814 c -0.91127,0.46672 -1.9096,0.67733 -2.94349,0.3978 -1.87867,-0.50025 -3.55838,-2.52164 -4.89743,-5.8846 -3.69755,-9.24031 -8.180917,-14.24649 -12.602897,-14.09965 -1.67196,0.0743 -4.78023,0.97285 -6.61697,6.46325 -0.83052,2.46007 -1.87039,3.64701 -2.46419,3.72295 -0.46265,0.0541 -1.32477,-0.68228 -2.14535,-2.39512 -2.31315,-4.64449 -5.28902,-4.57967 -6.46218,-4.33996 -5.88434,1.22352 -8.94054,13.49984 -10.22615,20.70286 l -0.31951,1.74402 c -1.17538,6.50822 -2.77336,8.26109 -3.116,8.36295 -0.33872,-0.0115 -2.17966,-1.3748 -4.30477,-7.47104 l -0.96835,-2.74796 20.63353,-43.172061 c 2.39327,-4.9739 5.41708,-7.75256 8.58203,-7.75864 3.13981,-0.0245 6.23887,2.70854 8.67172,7.67159 z m -79.523153,51.42441 13.749596,-28.77343 c 0.2555,-0.35804 0.45286,-0.79659 0.58102,-1.24624 l 3.97537,-8.32512 c 3.27686,8.0473 6.80323,9.96553 9.42948,9.95839 l 0.60103,-0.032 c 2.90698,-0.34666 6.81964,-3.18241 8.90614,-14.80185 l 0.31951,-1.74403 c 1.62349,-8.97255 3.64702,-12.78017 4.59238,-13.99672 0.007,0.0439 0.0581,0.0805 0.0654,0.12445 2.12423,4.31509 5.15117,6.60929 8.26585,6.29576 3.31496,-0.32409 6.23014,-3.49039 8.04095,-8.72861 0.36584,-1.05272 0.69051,-1.39967 0.7525,-1.4325 0.38624,-0.10913 3.19246,1.252 6.523567,9.49325 2.88845,7.1874 6.73841,9.5705 9.44351,10.31689 2.585,0.69882 5.26282,0.18724 7.8478,-1.43629 l 21.53311959,43.55307 c 2.38572001,4.81303 2.99799001,9.35619 1.67857001,12.39334 -1.31948001,3.03716 -4.66593,4.8096 -9.15326,4.83182 l -81.0656866,0.5419 -8.36639,0.0567 c -4.487336,0.0224 -7.846746,-1.69799 -9.196916,-4.72096 -1.40512,-2.94614 -0.87014,-7.47686 1.47561,-12.33011 z m -27.8818,0.18054 16.85555,-35.28483 c 2.39326,-4.97391 5.44248,-7.73404 8.58202,-7.75865 3.09589,-0.0172 6.13701,2.63528 8.591816,7.4594 l 1.34956,3.5642 -13.150316,27.5008 c -3.63935,7.63799 -4.21878,15.03944 -1.59779,20.87324 0.10527,0.23057 0.23602,0.47945 0.34131,0.71004 l -13.27997,0.0821 c -4.48733,0.0224 -7.84675,-1.69796 -9.19691,-4.72096 -1.37584,-3.04139 -0.81537,-7.55359 1.50487,-12.4251 z"
       stroke-width="1.1866"
       id="path206"></path>
    <g
       transform="matrix(0.07610475,0.32297687,-0.31514521,0.07799917,745.37906,-370.54195)"
       id="g217">
      <path
         fill="#006a00"
         d="m 977.7,1772.3 c -1.1,5.3 1.5,10.7 6.4,13.2 l 103,52.5 0.4,0.1 c 4.9,2.7 10.8,6 14.1,9 1.7,1.5 2.7,2.9 2.9,3.3 0.1,-0.4 -4.4,9.1 -23.3,13.1 -0.1,0 -0.1,0 -0.2,-0.1 l -68.6,15.8 c -6.5,1.4 -10.6,7.9 -9.2,14.4 0.7,3.4 2.9,6.3 5.9,7.9 9.2,5.1 17.7,14.7 21.6,20.3 -1.4,2.2 -3.7,5.4 -6.6,8.8 -6.1,7 -14.2,14.8 -20.2,20 -5,4.4 -5.6,12 -1.2,17 1.9,2.2 4.5,3.6 7.4,4 11.6,1.5 21.9,-0.1 29.7,0.1 7.2,0.2 11,1.4 14.8,5.6 1.8,4.3 1.6,8.3 -0.5,14.3 -2.3,6.6 -6.6,14.2 -9.5,23.1 -2,6.4 1.5,13.1 7.9,15.1 3,0.9 6.2,0.7 9.1,-0.7 l 107.4,-54.8 6.8,32.2 c 1.4,6.5 7.8,10.7 14.3,9.3 3.1,-0.6 5.8,-2.4 7.5,-5 l 53.7,-78.7 c 9.5,10.7 18.3,21.4 24.1,32.6 7.6,14.7 10.6,29.6 3.9,50.1 -2.8,8.5 -8.1,18.4 -15.6,29.6 -4.1,5.3 -3.2,12.8 2.1,16.9 5.3,4.1 12.8,3.2 16.9,-2.1 0.4,-0.5 0.7,-1 1.1,-1.6 8.3,-12.3 14.7,-23.8 18.5,-35.5 8.5,-26.3 4.3,-49.7 -5.5,-68.6 -7,-13.7 -16.5,-25.4 -26,-36 l 66.3,-33.8 c 5.9,-3 8.3,-10.3 5.3,-16.2 -0.9,-1.9 -2.4,-3.4 -4.1,-4.6 l -26.8,-18 62.2,-101.2 c 3.4,-5.7 1.6,-13.1 -4.1,-16.6 -2.6,-1.6 -5.7,-2.1 -8.6,-1.5 -9.2,2 -17.9,5.9 -24.9,7.6 -3.5,0.9 -6.5,0.9 -8,0.8 -1.5,-0.2 -1.5,-0.1 -2,-0.6 -2.8,-3.1 -3.1,-8.1 -1.7,-17.2 1.4,-9.1 4.8,-20.1 4.5,-32.2 -0.2,-6.7 -5.7,-11.9 -12.4,-11.7 -2.9,0.1 -5.7,1.2 -7.8,3.2 -6.7,6.2 -15.7,15.5 -24.2,22.7 -4.2,3.6 -8.4,6.5 -11.3,8 -3.5,-4.5 -6.9,-9 -8,-11.9 -1.5,-4.1 -2.4,-9.7 -5.9,-18 -2.5,-6.2 -9.5,-9.2 -15.7,-6.7 -3.4,1.4 -5.9,4.2 -7,7.6 l -24.2,74.6 c -2.7,8.3 -6.1,11.2 -9.1,12.7 -3,1.5 -6.6,1.2 -8,0.8 -3.2,-1.1 -11.7,-11 -15.3,-19.3 l -0.1,-0.2 c 0,-0.1 -0.1,-0.2 -0.1,-0.2 L 1143,1645.2 c -2.3,-6.2 -9.3,-9.4 -15.5,-7.1 -3.2,1.2 -5.8,3.7 -7,6.9 -6.3,16 -8.4,35.4 -12.5,47.5 -2,6.1 -4.6,9.5 -5.5,10.1 -0.8,0.6 -0.8,1.1 -5.4,-1 l -0.2,-0.1 -49.6,-22.5 c -6,-2.8 -13.2,-0.3 -16.1,5.8 -1.2,2.6 -1.5,5.5 -0.8,8.2 l 13.8,55.2 0.3,0.9 c 1.8,5.5 1.2,4.3 0.9,4.6 -0.3,0.3 -4,2.2 -10.2,3.2 -12.4,2 -32,1.2 -49.1,5.9 -4.2,1.6 -7.5,5.1 -8.4,9.5 z m 52.7,9.8 c 3.2,-0.3 5.6,-0.5 8.6,-1 8.3,-1.3 16.7,-3.3 23.5,-10.2 6.6,-6.7 8,-17.9 5,-28.1 l 0.2,-0.1 -0.3,-0.9 -7.5,-30 27,12.1 c 0.1,0 0.1,0 0.2,0.1 10.1,4.5 21.9,4.1 29.7,-1.7 7.8,-5.8 11.4,-13.9 14.1,-22 1.2,-3.6 1.6,-6.5 2.5,-10.3 l 23.8,64.7 c 0.1,0.2 0.2,0.3 0.2,0.5 5.1,12 13.2,27.7 30.4,33.3 7.5,2.4 16.7,2.3 25.9,-2.1 9.2,-4.4 17.3,-13.6 21.6,-26.9 l 14.2,-43.8 c 2.4,3.6 5.3,7.2 9.1,11.5 1.4,1.6 3.1,2.7 5,3.4 8,2.6 14.9,0 20.5,-2.8 5.6,-2.9 10.8,-6.7 15.8,-10.9 l 0.3,-0.3 c -1.2,10.7 -1.2,23.1 7.9,33.1 4.7,5.2 11.3,8.1 17.2,8.8 4.3,0.5 8.1,-0.4 11.9,-1.1 l -52.4,85.1 c -3.4,5.5 -1.9,12.8 3.6,16.4 l 19.4,13 -53.7,27.4 -47.1,-52.3 c -4.4,-5 -12.1,-5.4 -17,-1 -1.9,1.7 -3.3,4 -3.8,6.5 -0.9,3.9 0.3,8 3,10.9 l 45.7,50.3 -41.2,60.2 -4,-20 c -1.4,-6.5 -7.8,-10.7 -14.3,-9.3 -1.1,0.2 -2.1,0.6 -3,1.1 l -94.1,48 c 2.1,-8.7 3,-18.5 -2.1,-28.4 -0.4,-0.7 -0.8,-1.4 -1.3,-2 -9.2,-11.7 -22.9,-15.1 -33.8,-15.5 0.5,-0.5 1,-0.8 1.4,-1.3 3.6,-4.2 6.9,-8.2 9.4,-12.6 2.6,-4.4 5.6,-9 3.9,-17 -0.2,-1 -0.6,-2 -1,-2.9 -2.8,-5.4 -7,-11.3 -12.3,-16.9 l 43.9,-10.1 c 25.5,-5.4 37.5,-17.9 41.2,-29.2 1.9,-5.9 1.2,-12.5 -1.1,-17.4 -2.2,-4.9 -5.6,-8.5 -9,-11.4 -6.7,-5.8 -14.2,-9.5 -18.9,-12.1 -0.1,0 -0.1,0 -0.2,-0.1 z"
         id="path215" />
    </g>
    <g
       transform="matrix(0.26458333,0,0,0.26458333,123.49368,-73.283665)"
       id="g141">
      <path
         class="st1"
         fill="#ff9e00"
         stroke="#ff9e00"
         stroke-width="7"
         stroke-miterlimit="10"
         d="m 502.38,147.88 c -1,-3.2 -3.7,-5.6 -7.1,-6.2 -5,-1 -9.9,2.3 -10.9,7.3 -0.3,1.5 -0.2,3.1 0.3,4.6 0.5,1.5 1.3,2.8 2.5,3.9 1.8,1.7 4.2,2.6 6.7,2.5 2.5,-0.1 4.8,-1.1 6.5,-2.9 2.3,-2.5 3.1,-6 2,-9.2 z"
         id="path137" />
      <path
         class="st1"
         fill="#ff9e00"
         stroke="#ff9e00"
         stroke-width="7"
         stroke-miterlimit="10"
         d="m 573.2,172.39 c -0.28459,-0.0949 -0.50596,-0.0633 -0.79055,-0.15817 l -0.47433,-0.15815 c -14.135,-2.4992 -23.874,-12.176 -35.226,-23.34 -12.237,-11.986 -26.024,-25.648 -47.748,-31.626 -6.356,-1.8029 -13.408,-1.5188 -19.543,-1.1398 -6.1032,0.28418 -12.396,0.50511 -15.021,-1.4241 -1.1383,-1.9607 -2.2765,-4.8701 -3.3831,-7.5581 -1.486,-3.7632 -3.0353,-7.6529 -5.1538,-10.784 -4.0473,-6.1983 -8.9804,-7.5268 -12.332,-7.5903 -4.2058,-0.0319 -10.088,1.8018 -14.104,10.688 -2.0242,4.4903 -3.2578,9.7712 -4.3966,14.451 -0.25305,1.0752 -0.53774,2.2452 -0.75917,3.2255 -38.739,15.967 -110.17,17.448 -164.5,3.3407 -58.311,-17.65 -111.12,-10.696 -152.74,19.912 -13.725,10.182 -26.28,22.861 -37.064,37.818 -10.658,14.577 -19.798,31.558 -27.167,50.183 -7.3378,18.53 -12.968,38.895 -16.827,60.588 -3.8911,21.788 -5.9166,44.936 -6.1396,69 l -0.83053,121.05 c -0.0955,9.4552 7.5567,17.172 17.012,17.267 l 43.228,0.28758 c 7.7792,0.0638 14.673,-5.1219 16.666,-12.68 l 0.0316,-0.0949 c 6.4206,-17.677 17.268,-32.191 32.796,-43.669 l 43.51,50.03 c 3.162,4.4274 8.253,7.1789 13.819,7.2426 l 41.426,0.31908 c 9.4552,0.0955 17.172,-7.5567 17.267,-17.012 0.0318,-2.6247 -0.60048,-5.1546 -1.7071,-7.5263 l -0.12648,-0.25299 -28.013,-62.678 c 27.986,-3.6347 56.067,-3.7592 79.12,-3.6628 -0.34965,26.026 2.3049,51.893 7.9004,76.844 0.0948,0.34785 0.22132,0.60084 0.2213,0.91707 1.4541,7.969 8.5372,13.915 16.633,13.978 l 43.228,0.28758 c 9.139,0.0955 16.666,-6.9875 17.204,-16.19 l 0.0316,-0.0949 c 2.1202,-20.903 5.2205,-39.686 9.1113,-56.731 l 13.657,59.262 c 0.0316,0.22136 0.0632,0.44272 0.22132,0.60085 1.6438,7.7161 8.6005,13.409 16.569,13.536 l 42.28,0.28751 c 5.787,0.032 10.815,-2.7188 13.946,-7.0509 1.6761,-1.2332 2.783,-3.2886 2.7832,-5.5022 l 0.0317,-0.41109 c 0.31631,-1.2649 0.4429,-2.593 0.47461,-3.9528 -0.0316,-0.85381 -0.15799,-1.7393 -0.44255,-2.4666 l 1.4362,-191.79 c 21.662,-12.49 45.285,-20.109 69.287,-25.705 15.875,-3.3509 29.473,-11.888 39.119,-24.695 8.2543,-10.846 12.999,-24.127 13.284,-36.365 0.25402,-14.989 -6.6074,-26.026 -17.802,-28.81 z M 219.95,478.16 c 0.12648,0.25299 0.22132,0.60085 0.3478,0.85384 0.28457,0.41112 0.31616,0.94871 0.37937,1.3914 -0.0317,1.676 -1.2967,2.9408 -2.9727,2.9091 l -41.426,-0.31908 c -1.0436,-0.0317 -2.0238,-0.56935 -2.5614,-1.4864 -0.44265,-0.88547 -1.1383,-1.6445 -1.8023,-2.1821 l -41.075,-47.216 c 11.954,-6.7664 26.184,-12.141 42.502,-16.188 5.7238,-1.3594 11.511,-2.5923 17.33,-3.6038 z m 233.82,5.645 c -0.4744,0.79054 -1.518,1.3913 -2.5615,1.3596 l -42.28,-0.28751 c -1.4863,0.0315 -2.6879,-1.107 -2.9407,-2.5616 -0.0316,-0.53759 -0.18966,-1.0119 -0.34775,-1.4863 l -18.842,-82.284 c -0.15808,-0.47435 -0.31616,-0.9487 -0.50587,-1.3282 15.973,-48.856 40.293,-79.75 68.786,-100.08 z m 81.856,-235.39 c -0.0316,0.0949 -0.0316,0.0949 0,0 l -0.12649,0.0632 c -24.476,5.7537 -45.285,13.152 -63.437,22.385 -21.346,10.908 -39.024,24.41 -54.268,41.359 -34.408,38.388 -54.84,93.663 -62.372,169.05 -0.0633,0.18973 -3e-5,0.31623 -0.0633,0.50596 -0.18984,1.5179 -1.4864,2.5613 -2.9727,2.5929 l -43.228,-0.28758 c -1.4863,0.0315 -2.6879,-1.107 -2.9407,-2.5616 -0.12645,-0.56921 -0.25291,-1.1384 -0.47422,-1.7393 -11.033,-49.111 -9.796,-102.77 3.5521,-151.03 1.0438,-3.763 -1.1379,-7.6528 -4.9009,-8.6966 -3.763,-1.0438 -7.6528,1.1379 -8.6966,4.9009 -5.9782,21.724 -9.7112,44.303 -11.073,67.356 -25.551,-0.1915 -57.237,-0.004 -88.671,4.8006 -1.3914,-0.25307 -2.9093,-0.12669 -4.364,0.44242 -0.25299,0.12648 -0.47435,0.15808 -0.63248,0.31619 -7.1468,1.2012 -14.262,2.6237 -21.188,4.4257 -23.338,5.817 -42.976,14.449 -58.504,25.61 -18.342,13.28 -31.498,30.609 -38.836,51.353 -0.0949,0.2846 -0.18978,0.56919 -0.1898,0.88542 -0.41118,1.2333 -1.5497,2.1186 -2.9094,2.0869 l -43.228,-0.28758 c -1.676,-0.0317 -2.9408,-1.2967 -2.9091,-2.9727 l 0.95702,-121.12 c 0.70214,-93.477 30.401,-168.64 81.411,-206.24 37.886,-27.952 86.522,-34.083 140.41,-17.699 l 0.2846,0.0949 c 27.353,7.117 60.083,10.756 92.148,10.062 33.742,-0.66176 63.689,-6.0672 84.244,-15.236 l 0.1265,-0.0632 c 1.929,-0.72719 3.5103,-2.3082 4.2061,-4.3953 0.72747,-2.1819 1.2652,-4.7433 1.9295,-7.368 0.79079,-3.3203 1.5816,-6.9569 2.6886,-9.961 0.82234,-2.1503 1.5181,-3.2887 1.8976,-3.7946 1.4545,1.6445 3.3516,6.388 4.3633,9.0444 1.486,3.7632 3.0353,7.6529 5.1538,10.784 0.28457,0.41111 0.60078,0.72736 0.88536,1.1385 6.7036,6.7677 16.633,6.3889 26.152,5.9785 5.3443,-0.22099 10.91,-0.47359 15.147,0.72837 18.246,5.0293 30.135,16.794 41.645,28.116 11.889,11.764 24.19,23.877 42.689,27.199 l 0.18973,0.0633 0.0949,0.0316 c 5.3442,1.3601 7.1778,8.507 7.0508,14.895 -0.19075,14.799 -11.672,41.014 -41.239,47.178 z"
         id="path139" />
    </g>
  </g>
</svg>
